320
3200
0 5
0 8
0 10
0 33
0 42
0 57
0 60
0 66
0 93
0 112
0 150
0 153
0 178
0 180
0 201
0 208
0 221
0 260
0 265
0 310
0 311
0 315
1 2
1 3
1 11
1 20
1 33
1 35
1 43
1 44
1 47
1 51
1 129
1 132
1 154
1 155
1 209
1 215
1 239
1 278
1 297
1 312
1 314
1 319
2 5
2 10
2 37
2 56
2 78
2 82
2 100
2 123
2 145
2 147
2 160
2 161
2 170
2 174
2 213
2 221
2 227
2 242
2 248
2 273
2 279
2 294
2 313
2 315
3 4
3 5
3 7
3 8
3 9
3 13
3 58
3 60
3 69
3 71
3 80
3 99
3 114
3 142
3 155
3 219
3 240
3 249
3 278
3 315
3 316
4 7
4 14
4 18
4 22
4 48
4 62
4 84
4 86
4 111
4 117
4 162
4 219
4 222
4 236
4 255
4 283
4 301
4 315
5 12
5 14
5 33
5 61
5 66
5 75
5 85
5 88
5 97
5 115
5 120
5 146
5 175
5 192
5 227
5 250
5 267
5 270
5 296
5 308
5 319
6 7
6 10
6 51
6 67
6 112
6 126
6 139
6 145
6 152
6 204
6 273
6 283
6 305
6 317
7 36
7 89
7 116
7 127
7 133
7 184
7 208
7 236
7 246
7 251
7 287
7 312
7 319
8 11
8 12
8 15
8 31
8 36
8 100
8 110
8 126
8 174
8 194
8 227
8 289
8 309
8 311
8 318
8 319
9 17
9 19
9 72
9 108
9 135
9 138
9 152
9 171
9 184
9 195
9 216
9 258
9 277
9 281
9 289
9 315
9 316
9 318
10 13
10 20
10 34
10 38
10 52
10 127
10 129
10 184
10 189
10 195
10 197
10 226
10 231
10 235
10 265
10 267
10 313
11 12
11 20
11 31
11 41
11 83
11 106
11 115
11 155
11 178
11 225
11 256
11 275
11 299
12 14
12 22
12 26
12 28
12 33
12 40
12 59
12 79
12 124
12 130
12 177
12 196
12 212
12 279
12 293
12 304
13 15
13 16
13 19
13 20
13 22
13 39
13 60
13 73
13 90
13 102
13 116
13 122
13 175
13 238
13 261
13 294
13 306
14 18
14 19
14 43
14 60
14 94
14 98
14 105
14 114
14 124
14 155
14 160
14 251
14 267
14 290
15 16
15 18
15 21
15 23
15 44
15 48
15 49
15 59
15 133
15 215
15 280
15 294
15 314
16 19
16 23
16 40
16 53
16 90
16 123
16 165
16 173
16 175
16 178
16 180
16 185
16 224
16 244
17 19
17 20
17 22
17 25
17 37
17 38
17 51
17 125
17 126
17 134
17 141
17 194
17 217
17 221
17 242
18 19
18 24
18 44
18 76
18 78
18 112
18 115
18 137
18 138
18 148
18 195
18 227
18 258
18 300
18 310
19 27
19 28
19 37
19 88
19 90
19 104
19 154
19 160
19 177
19 193
19 209
19 235
19 255
19 256
19 268
19 274
19 277
19 284
20 25
20 40
20 42
20 47
20 73
20 78
20 82
20 85
20 96
20 103
20 121
20 140
20 163
20 172
20 189
20 234
20 265
20 281
20 282
20 297
21 24
21 25
21 27
21 28
21 60
21 103
21 104
21 122
21 207
21 210
21 267
21 281
21 298
21 312
21 316
22 23
22 25
22 38
22 149
22 162
22 208
22 229
22 232
22 259
22 283
22 312
23 24
23 27
23 30
23 31
23 32
23 40
23 51
23 134
23 146
23 155
23 187
23 219
23 250
23 272
23 281
24 32
24 42
24 58
24 83
24 85
24 86
24 99
24 110
24 114
24 116
24 133
24 147
24 166
24 189
24 197
24 230
24 241
24 265
25 27
25 32
25 34
25 36
25 48
25 87
25 90
25 135
25 152
25 153
25 173
25 181
25 198
25 205
25 225
25 235
25 248
25 254
25 278
25 297
25 317
26 27
26 28
26 29
26 51
26 64
26 101
26 102
26 116
26 133
26 135
26 165
26 178
26 200
26 220
26 233
26 259
26 275
26 302
26 306
27 28
27 29
27 32
27 34
27 36
27 46
27 89
27 127
27 133
27 137
27 168
27 216
27 225
27 226
27 235
27 239
27 242
27 243
27 259
27 260
27 306
27 308
28 29
28 36
28 37
28 38
28 41
28 69
28 101
28 114
28 134
28 145
28 167
28 175
28 218
28 247
28 252
28 259
29 31
29 33
29 34
29 36
29 39
29 55
29 70
29 72
29 111
29 112
29 120
29 145
29 165
29 170
29 182
29 190
29 214
29 238
29 247
29 248
30 31
30 33
30 36
30 39
30 77
30 100
30 104
30 151
30 180
30 231
30 235
30 255
30 257
30 266
30 273
30 283
30 284
30 291
31 33
31 41
31 46
31 50
31 60
31 61
31 143
31 144
31 154
31 159
31 174
31 221
31 236
31 262
31 265
31 272
31 286
31 288
31 309
32 33
32 37
32 59
32 109
32 116
32 133
32 158
32 177
32 179
32 196
32 262
32 265
32 271
32 291
32 312
33 34
33 36
33 37
33 38
33 63
33 97
33 146
33 204
33 230
33 256
33 268
33 286
33 304
34 39
34 42
34 51
34 90
34 110
34 122
34 146
34 147
34 158
34 171
34 186
34 190
34 200
34 293
34 295
34 312
35 41
35 94
35 109
35 114
35 159
35 181
35 191
35 192
35 195
35 206
35 214
35 254
35 255
35 260
35 276
35 280
35 294
35 295
35 302
35 312
36 41
36 42
36 44
36 46
36 51
36 62
36 83
36 120
36 127
36 134
36 160
36 178
36 217
36 244
36 301
36 312
36 318
37 38
37 39
37 73
37 95
37 99
37 116
37 129
37 142
37 153
37 200
37 252
37 280
37 288
37 306
38 39
38 41
38 53
38 135
38 139
38 146
38 172
38 191
38 208
38 213
38 219
38 224
38 249
38 261
38 263
38 283
38 289
38 291
38 313
39 45
39 64
39 77
39 86
39 111
39 126
39 128
39 137
39 150
39 156
39 172
39 185
39 188
39 222
39 230
39 297
39 300
39 302
40 44
40 49
40 50
40 66
40 69
40 85
40 88
40 142
40 153
40 193
40 225
40 243
40 280
40 307
41 49
41 51
41 63
41 69
41 121
41 166
41 171
41 174
41 228
41 232
41 234
41 247
41 248
41 269
41 283
42 45
42 46
42 52
42 102
42 126
42 135
42 189
42 211
42 215
42 235
42 238
42 254
43 44
43 45
43 46
43 47
43 48
43 77
43 87
43 90
43 121
43 136
43 178
43 228
43 276
43 290
43 309
44 47
44 49
44 52
44 79
44 90
44 164
44 174
44 197
44 213
44 215
44 217
44 276
44 317
45 46
45 49
45 60
45 115
45 176
45 188
45 190
45 191
45 202
45 217
45 240
45 242
45 243
45 258
45 276
45 296
45 303
46 50
46 54
46 72
46 140
46 212
46 217
46 221
46 228
46 261
46 277
46 285
46 299
46 304
47 52
47 57
47 58
47 109
47 161
47 163
47 178
47 208
47 223
47 227
47 239
47 250
47 268
47 297
47 315
48 49
48 92
48 100
48 127
48 147
48 204
48 216
48 290
48 303
48 313
48 315
48 317
49 55
49 62
49 90
49 112
49 118
49 120
49 130
49 131
49 143
49 158
49 174
49 196
49 200
49 225
49 247
49 292
49 310
49 318
50 117
50 152
50 178
50 239
50 243
50 249
50 256
50 273
50 285
50 298
50 317
51 57
51 63
51 101
51 106
51 132
51 140
51 151
51 157
51 167
51 168
51 171
51 245
51 273
51 295
51 312
51 319
52 59
52 81
52 150
52 155
52 167
52 171
52 176
52 188
52 191
52 193
52 217
52 231
52 235
52 250
52 264
53 55
53 56
53 62
53 64
53 75
53 79
53 86
53 88
53 140
53 148
53 187
53 188
53 189
53 196
53 205
53 232
53 249
53 260
53 277
53 317
54 56
54 58
54 60
54 61
54 89
54 128
54 135
54 140
54 147
54 200
54 205
54 209
54 247
54 250
54 300
55 57
55 58
55 60
55 61
55 62
55 67
55 76
55 127
55 165
55 179
55 182
55 199
55 212
55 238
55 240
55 241
55 246
55 311
56 60
56 63
56 64
56 65
56 72
56 84
56 93
56 128
56 158
56 161
56 165
56 215
56 216
56 218
56 223
56 239
56 284
56 317
57 60
57 64
57 66
57 96
57 109
57 156
57 157
57 172
57 174
57 190
57 250
57 259
57 295
57 299
57 301
58 62
58 66
58 120
58 156
58 163
58 188
58 214
58 216
58 217
58 245
58 248
58 277
58 280
58 308
59 63
59 68
59 93
59 101
59 106
59 120
59 170
59 171
59 184
59 196
59 204
59 214
59 219
59 231
59 232
59 292
59 317
60 63
60 65
60 71
60 108
60 110
60 115
60 120
60 131
60 139
60 148
60 149
60 159
60 193
60 254
60 296
61 65
61 66
61 67
61 69
61 115
61 167
61 202
61 232
61 284
61 285
62 64
62 69
62 75
62 87
62 92
62 130
62 142
62 206
62 238
62 251
62 288
62 289
62 306
62 318
63 67
63 68
63 69
63 72
63 73
63 95
63 115
63 136
63 180
63 204
63 205
63 214
63 227
63 239
63 302
64 70
64 71
64 73
64 76
64 112
64 132
64 174
64 177
64 229
64 245
64 249
64 255
64 259
64 279
64 284
64 292
65 75
65 78
65 122
65 136
65 139
65 152
65 158
65 160
65 161
65 163
65 186
65 192
65 197
65 211
65 214
65 254
65 269
65 275
65 303
66 69
66 73
66 90
66 108
66 161
66 165
66 168
66 199
66 222
66 240
66 252
66 276
66 289
67 71
67 72
67 73
67 75
67 80
67 93
67 95
67 96
67 104
67 113
67 123
67 154
67 164
67 173
67 176
67 182
67 186
67 250
67 253
67 272
67 290
67 291
67 308
67 318
68 70
68 71
68 76
68 77
68 90
68 95
68 120
68 179
68 216
68 230
68 239
68 249
68 266
68 291
68 296
68 318
69 79
69 95
69 158
69 170
69 213
69 227
69 235
69 237
69 250
69 254
69 266
69 269
69 289
69 299
69 317
70 72
70 74
70 80
70 84
70 103
70 115
70 159
70 161
70 162
70 182
70 208
70 213
70 254
70 264
70 293
70 308
71 72
71 73
71 74
71 76
71 78
71 165
71 223
71 255
71 280
71 286
71 316
72 74
72 75
72 78
72 80
72 137
72 152
72 210
72 217
72 232
72 247
72 264
72 270
72 302
73 74
73 83
73 118
73 122
73 133
73 137
73 168
73 219
73 232
73 236
73 244
73 247
73 312
74 75
74 76
74 81
74 132
74 138
74 143
74 159
74 162
74 170
74 206
74 210
74 255
74 258
74 265
74 269
74 292
74 318
75 77
75 78
75 81
75 83
75 84
75 85
75 107
75 122
75 124
75 142
75 149
75 157
75 164
75 165
75 203
75 218
75 220
75 231
75 278
75 293
76 78
76 106
76 115
76 133
76 134
76 145
76 205
76 256
76 274
76 289
76 296
76 304
77 81
77 82
77 85
77 86
77 98
77 131
77 151
77 162
77 221
77 252
77 253
77 256
77 279
77 289
77 312
78 81
78 82
78 85
78 97
78 112
78 144
78 150
78 166
78 204
78 231
78 243
78 247
78 253
78 254
78 272
78 278
78 306
79 82
79 85
79 86
79 92
79 129
79 131
79 134
79 155
79 222
79 279
79 316
80 86
80 89
80 111
80 151
80 152
80 171
80 183
80 201
80 237
80 248
80 257
80 259
80 283
80 286
80 289
80 295
81 85
81 86
81 87
81 88
81 89
81 91
81 95
81 97
81 113
81 140
81 145
81 186
81 200
81 269
81 272
81 277
81 279
81 300
81 307
82 86
82 87
82 89
82 90
82 103
82 115
82 124
82 170
82 245
82 274
83 85
83 86
83 124
83 141
83 166
83 178
83 182
83 215
83 226
83 238
83 239
83 278
84 85
84 90
84 93
84 94
84 134
84 135
84 158
84 160
84 161
84 176
84 185
84 198
84 214
84 236
84 281
84 289
84 306
84 312
85 88
85 89
85 90
85 93
85 94
85 109
85 112
85 124
85 143
85 147
85 189
85 192
85 204
85 208
85 210
85 214
85 216
85 220
85 278
85 300
85 315
86 88
86 188
86 200
86 233
86 260
86 303
86 305
86 306
86 311
87 90
87 91
87 94
87 124
87 125
87 128
87 142
87 165
87 212
87 237
87 254
87 255
87 315
88 94
88 95
88 117
88 131
88 151
88 154
88 156
88 186
88 250
88 271
88 274
88 316
89 90
89 91
89 94
89 98
89 114
89 118
89 154
89 156
89 157
89 180
89 192
89 198
89 213
89 222
89 246
89 259
89 278
89 306
89 313
90 97
90 99
90 102
90 135
90 171
90 176
90 190
90 195
90 203
90 216
90 217
90 303
91 95
91 97
91 100
91 101
91 153
91 187
91 212
91 231
91 240
91 274
91 288
91 300
91 306
91 313
92 95
92 97
92 99
92 100
92 102
92 139
92 146
92 154
92 167
92 191
92 209
92 210
92 239
92 247
92 261
92 298
92 319
93 97
93 98
93 100
93 102
93 116
93 128
93 225
93 227
93 266
93 267
93 279
93 316
94 99
94 102
94 103
94 124
94 131
94 160
94 169
94 187
94 244
94 253
94 259
94 286
94 288
94 308
95 103
95 124
95 165
95 191
95 199
95 209
95 270
95 302
95 312
96 99
96 102
96 103
96 112
96 114
96 116
96 123
96 158
96 160
96 180
96 217
96 238
96 243
96 258
96 280
96 285
97 98
97 99
97 100
97 102
97 104
97 118
97 131
97 170
97 217
97 234
97 240
97 243
97 244
97 253
98 100
98 105
98 106
98 107
98 108
98 116
98 186
98 197
98 206
98 209
98 227
98 238
98 272
99 101
99 104
99 108
99 109
99 129
99 151
99 165
99 177
99 181
99 186
99 230
100 102
100 104
100 106
100 108
100 110
100 140
100 164
100 172
100 212
100 214
100 219
100 220
100 229
100 275
100 296
100 316
101 102
101 104
101 107
101 109
101 110
101 121
101 124
101 135
101 151
101 156
101 176
101 180
101 181
101 187
101 201
101 204
101 206
101 232
101 262
101 265
101 271
101 280
101 291
102 105
102 106
102 107
102 109
102 133
102 136
102 141
102 170
102 186
102 197
102 216
102 258
102 259
102 262
102 315
103 109
103 112
103 131
103 168
103 178
103 222
103 280
104 105
104 107
104 108
104 109
104 115
104 139
104 158
104 218
104 238
104 240
104 249
104 298
105 106
105 107
105 110
105 111
105 148
105 149
105 161
105 179
105 183
105 190
105 224
105 227
105 235
105 243
105 269
105 274
105 275
106 107
106 112
106 115
106 116
106 127
106 189
106 201
106 249
106 268
106 290
106 294
107 109
107 111
107 146
107 157
107 159
107 185
107 206
107 219
107 226
107 240
107 260
107 269
107 294
107 296
107 300
108 110
108 114
108 115
108 155
108 169
108 196
108 203
108 210
108 217
108 220
108 231
108 248
108 275
108 290
109 111
109 115
109 116
109 118
109 195
109 199
109 252
109 261
109 271
109 279
109 282
109 290
109 315
110 111
110 112
110 117
110 155
110 165
110 174
110 225
110 227
110 236
110 269
110 297
110 311
111 113
111 137
111 202
111 230
111 237
111 247
111 248
111 282
111 284
111 298
112 122
112 131
112 137
112 140
112 177
112 196
112 205
112 213
112 224
112 260
112 269
112 289
113 116
113 119
113 121
113 123
113 127
113 154
113 188
113 194
113 212
113 226
113 245
113 275
113 290
113 302
114 116
114 117
114 120
114 121
114 123
114 126
114 139
114 170
114 171
114 181
114 203
114 239
114 249
114 259
114 287
114 303
115 117
115 121
115 125
115 143
115 170
115 183
115 237
115 269
115 270
115 280
115 282
115 287
116 118
116 126
116 139
116 141
116 171
116 181
116 211
116 278
116 295
116 299
116 304
117 119
117 122
117 123
117 139
117 140
117 157
117 197
117 251
117 263
117 283
117 310
118 121
118 125
118 134
118 185
118 201
118 258
118 259
118 263
118 303
119 120
119 125
119 127
119 140
119 147
119 163
119 181
119 193
119 209
119 247
119 258
119 260
119 267
119 268
119 282
119 293
120 126
120 128
120 132
120 140
120 189
120 190
120 222
120 227
120 261
120 308
121 124
121 127
121 129
121 131
121 190
121 195
121 197
121 205
121 241
121 267
121 275
121 288
122 125
122 132
122 148
122 155
122 176
122 192
122 210
122 239
122 253
122 267
122 274
122 310
123 127
123 132
123 138
123 181
123 183
123 216
123 220
123 226
123 230
123 233
123 235
123 239
123 240
123 243
123 256
123 319
124 125
124 130
124 151
124 154
124 158
124 170
124 219
124 239
124 262
124 264
124 265
124 288
124 290
124 302
124 303
125 126
125 128
125 130
125 131
125 156
125 159
125 174
125 184
125 224
125 257
125 271
125 277
125 278
125 317
126 127
126 128
126 132
126 136
126 186
126 200
126 240
126 242
126 269
126 281
126 284
126 306
127 129
127 132
127 140
127 162
127 182
127 203
127 207
127 217
127 224
127 226
127 227
127 244
127 250
127 274
127 293
128 132
128 150
128 162
128 172
128 179
128 213
128 234
128 237
128 255
128 265
128 270
128 305
129 130
129 131
129 133
129 135
129 171
129 209
129 224
129 230
129 231
129 279
130 131
130 132
130 135
130 140
130 177
130 196
130 216
130 230
130 231
130 247
130 267
130 273
130 282
130 287
130 311
131 136
131 137
131 138
131 140
131 178
131 237
131 240
131 253
131 267
131 292
131 301
132 136
132 141
132 155
132 161
132 215
132 226
132 232
132 285
132 289
132 302
132 305
133 134
133 138
133 143
133 206
133 255
133 264
133 294
133 314
134 135
134 138
134 144
134 155
134 201
134 217
134 317
135 136
135 139
135 144
135 173
135 206
135 271
135 313
136 143
136 144
136 152
136 154
136 162
136 216
136 237
137 138
137 142
137 143
137 144
137 145
137 158
137 179
137 198
137 204
137 224
137 252
137 257
138 141
138 142
138 147
138 148
138 196
138 215
138 228
138 238
138 250
138 259
138 294
138 307
139 146
139 149
139 187
139 203
139 251
139 266
139 290
139 291
139 307
140 144
140 145
140 149
140 164
140 189
140 203
140 213
140 214
140 237
140 241
140 254
140 270
141 143
141 144
141 148
141 149
141 151
141 160
141 167
141 215
141 240
141 251
141 259
141 263
141 265
141 272
141 292
141 301
141 318
142 145
142 146
142 147
142 187
142 213
142 247
142 258
142 276
143 147
143 167
143 173
143 201
143 211
143 257
143 272
143 310
144 145
144 151
144 152
144 161
144 181
144 213
144 242
144 290
144 291
144 294
144 317
145 148
145 150
145 227
145 228
145 229
145 239
145 281
145 304
145 314
146 148
146 149
146 150
146 153
146 156
146 177
146 184
146 192
146 196
146 204
146 209
146 226
146 256
146 279
146 281
147 151
147 161
147 224
147 256
147 275
147 289
148 152
148 154
148 156
148 158
148 192
148 241
148 262
148 277
148 292
149 154
149 157
149 172
149 184
149 220
149 246
149 266
149 268
150 151
150 153
150 166
150 184
150 191
150 198
150 234
150 271
150 285
150 300
150 302
151 159
151 169
151 172
151 180
151 186
151 194
151 196
151 203
151 231
151 257
151 271
151 312
151 314
152 155
152 157
152 159
152 161
152 247
152 276
153 156
153 162
153 163
153 168
153 203
153 211
153 216
153 250
153 269
153 290
153 293
153 294
153 308
154 155
154 160
154 161
154 163
154 224
154 233
155 159
155 164
155 168
155 176
155 185
155 197
155 233
155 236
155 248
156 159
156 160
156 161
156 162
156 165
156 166
156 179
156 205
156 209
156 211
156 246
156 271
156 292
156 309
156 318
157 158
157 159
157 164
157 176
157 183
157 210
157 220
157 244
157 255
157 290
157 304
158 165
158 186
158 187
158 216
158 225
158 236
158 244
158 254
158 262
158 263
158 266
158 291
159 164
159 167
159 170
159 222
159 275
159 287
159 297
159 298
159 299
160 167
160 169
160 245
160 256
160 262
160 263
160 269
160 304
161 164
161 166
161 184
161 190
161 258
161 280
161 315
162 165
162 166
162 167
162 170
162 171
162 208
162 218
162 234
162 276
163 165
163 169
163 171
163 199
163 207
163 235
163 276
163 292
163 297
163 313
163 314
163 315
164 167
164 169
164 174
164 190
164 205
164 247
164 255
164 309
165 180
165 202
165 252
165 256
165 283
165 284
166 170
166 173
166 187
166 194
166 200
166 225
166 228
166 244
166 245
166 253
166 261
166 275
166 302
167 177
167 190
167 220
167 252
167 269
167 306
167 318
168 175
168 176
168 177
168 178
168 179
168 184
168 194
168 202
168 294
168 295
168 298
169 170
169 171
169 172
169 173
169 177
169 179
169 187
169 224
169 229
169 268
169 303
169 318
170 173
170 174
170 295
171 178
171 243
171 245
171 247
171 270
172 173
172 177
172 179
172 181
172 182
172 242
172 254
172 264
173 178
173 191
173 192
173 259
173 263
173 274
173 279
173 286
173 290
174 177
174 215
174 223
174 278
174 303
174 311
175 177
175 185
175 194
175 201
175 203
175 209
175 253
175 259
175 271
175 294
175 300
175 305
176 177
176 178
176 179
176 181
176 190
176 260
176 265
176 287
177 183
177 207
177 211
177 223
177 226
177 230
177 272
177 309
177 310
178 181
178 184
178 185
178 186
178 187
178 198
178 222
178 223
178 236
178 277
178 278
178 296
179 180
179 205
179 206
179 208
179 216
179 218
179 220
179 233
179 241
179 264
179 270
180 183
180 190
180 221
180 234
180 242
180 261
180 289
180 300
181 184
181 193
181 195
181 213
181 220
181 246
181 251
181 252
181 255
181 264
181 271
181 291
181 295
181 299
182 190
182 191
182 252
182 254
182 273
182 277
182 289
183 185
183 186
183 188
183 189
183 191
183 196
183 199
183 232
183 236
183 246
184 187
184 189
184 190
184 191
184 206
184 208
184 234
184 244
184 256
184 268
184 291
184 309
184 313
185 190
185 191
185 195
185 197
185 209
185 240
185 277
185 303
186 193
186 234
186 235
186 276
186 291
186 292
186 304
187 190
187 193
187 194
187 195
187 209
187 224
187 227
187 275
187 299
187 318
188 189
188 195
188 261
188 264
188 281
188 298
188 299
188 301
188 316
189 190
189 193
189 194
189 195
189 196
189 248
189 265
189 294
189 305
189 314
189 317
190 198
190 212
190 273
190 296
190 299
191 192
191 194
191 196
191 198
191 201
191 225
191 228
191 272
191 310
192 193
192 196
192 201
192 207
192 219
192 278
192 315
193 194
193 212
193 219
193 222
193 235
193 259
193 268
193 271
193 274
193 275
193 279
193 313
194 195
194 199
194 203
194 211
194 252
194 288
194 304
194 305
194 312
195 199
195 204
195 228
195 261
195 270
195 287
195 295
195 297
196 198
196 205
196 206
196 207
196 222
196 252
196 284
196 299
196 306
196 317
197 200
197 203
197 221
197 242
197 250
197 261
197 285
197 296
197 297
197 313
197 315
198 199
198 203
198 204
198 223
198 231
198 236
198 266
198 277
199 206
199 221
199 224
199 286
199 294
199 296
199 299
200 202
200 204
200 209
200 293
200 298
200 302
201 205
201 206
201 209
201 212
201 228
201 250
201 275
201 293
202 204
202 206
202 207
202 210
202 211
202 212
202 222
202 225
202 253
202 291
202 311
203 206
203 211
203 282
203 296
203 297
203 317
204 205
204 207
204 211
204 213
204 244
204 271
204 286
205 210
205 219
205 232
205 274
205 282
205 287
205 299
206 209
206 212
206 261
206 269
206 280
206 298
207 208
207 209
207 210
207 212
207 214
207 257
207 262
207 266
207 286
207 308
207 318
208 211
208 230
208 263
208 276
208 308
209 210
209 211
209 218
209 245
209 272
209 277
210 214
210 217
210 218
210 221
210 245
210 280
210 302
210 303
211 214
211 217
211 220
211 243
211 256
211 260
211 263
211 282
211 294
211 309
211 315
212 213
212 221
212 222
212 247
212 288
212 295
213 228
213 249
213 261
213 305
214 216
214 217
214 220
214 221
214 227
214 313
215 219
215 224
215 231
215 270
215 286
216 224
216 226
216 236
216 280
216 303
216 319
217 229
217 246
217 261
217 277
217 295
217 305
217 315
217 319
218 221
218 222
218 228
218 235
218 246
218 286
218 287
218 303
219 220
219 222
219 226
219 227
219 280
219 302
220 226
220 228
220 238
220 241
220 253
220 268
220 310
221 230
221 253
221 259
221 276
221 296
222 230
222 241
222 257
222 281
222 316
223 225
223 227
223 232
223 238
223 243
223 261
223 264
223 299
224 230
224 234
224 254
224 281
224 283
224 287
224 289
225 233
225 250
225 253
225 282
225 298
225 303
226 229
226 230
226 272
226 278
226 280
226 283
226 291
226 311
227 232
227 233
227 234
227 238
227 268
227 273
227 292
227 298
227 301
228 229
228 236
228 237
228 254
228 270
228 301
228 302
229 234
229 236
229 237
229 238
229 249
229 263
229 277
229 280
230 234
230 275
230 287
230 288
230 297
230 302
231 234
231 241
231 242
231 265
231 268
231 274
231 319
232 238
232 239
232 247
232 266
232 306
232 309
233 236
233 238
233 239
233 242
233 280
233 291
233 315
234 235
234 236
234 237
234 239
234 240
234 242
234 243
234 273
234 286
235 241
235 249
235 276
236 240
236 242
236 245
236 246
236 259
237 239
237 241
237 247
237 284
237 300
237 308
238 240
238 243
238 286
238 291
238 295
238 302
238 314
238 315
239 245
239 248
239 262
240 245
240 249
240 250
240 272
241 243
241 250
241 251
241 269
241 283
242 248
242 250
242 316
243 249
243 252
244 246
244 249
244 253
244 272
245 247
245 251
245 293
245 299
245 301
245 316
245 319
246 247
246 252
246 254
246 256
246 272
246 281
246 303
247 254
247 255
247 316
248 252
248 257
248 294
248 295
248 305
248 311
249 252
249 253
249 255
249 256
249 259
249 305
250 256
250 263
250 264
251 259
251 260
251 261
251 266
251 291
251 301
251 312
251 317
252 255
252 258
252 284
252 287
252 307
252 313
253 254
253 255
253 258
253 259
253 273
253 305
254 255
254 257
254 263
254 274
254 289
254 292
255 265
255 282
255 284
255 292
256 260
256 261
256 280
257 259
257 261
257 266
257 267
257 309
257 310
257 314
257 318
258 260
258 264
258 267
258 284
258 313
258 316
259 266
259 267
259 308
260 262
260 265
260 268
260 277
260 313
261 264
261 271
261 283
261 314
262 271
262 276
262 303
262 304
262 315
262 316
263 265
263 266
263 267
263 269
263 271
263 272
263 307
263 319
264 268
264 270
264 272
264 274
264 299
264 307
265 271
265 272
266 275
266 276
266 307
267 268
267 271
267 273
267 274
267 275
267 285
267 288
267 289
268 269
268 272
268 275
268 276
268 278
269 274
269 283
269 290
269 293
270 273
270 275
270 293
270 304
271 273
271 274
271 276
271 277
271 281
271 283
272 282
272 285
272 310
273 277
273 282
273 283
273 307
273 312
273 315
274 278
274 279
274 281
274 282
274 285
274 302
274 304
274 305
274 313
275 278
275 284
275 285
276 277
278 288
278 307
279 280
279 283
279 284
279 298
280 288
280 290
281 282
281 286
281 287
281 289
282 287
282 316
283 286
283 288
283 289
283 292
283 293
283 296
284 287
284 314
285 289
285 295
285 300
286 290
286 291
286 294
286 296
286 311
286 316
287 288
287 290
287 294
287 299
288 295
288 303
288 315
289 293
289 307
290 291
290 292
290 300
290 307
290 308
291 293
292 295
292 297
292 300
292 304
293 295
293 296
293 301
293 303
293 307
293 314
294 295
294 316
295 296
295 301
295 309
296 297
296 298
296 300
296 304
296 319
297 298
297 301
298 299
298 300
298 305
298 306
298 308
299 309
300 302
300 303
300 308
300 309
301 304
301 306
301 307
301 311
302 304
303 311
303 313
304 310
304 312
304 314
305 307
305 314
305 315
306 310
306 313
307 314
308 315
309 312
309 314
309 316
310 311
310 312
310 316
310 318
311 312
311 313
311 315
311 317
311 318
312 314
314 317
314 319
315 317
316 317
317 319
